0
Male
38
8680
7
1
Female
66
9670
3
2
Male
61
1491
8
3
Female
68
7543
8
4
Male
50
4018
3
5
Female
53
3542
9
6
Male
65
8184
8
7
Female
69
4680
8
8
Male
54
9161
6
9
Female
61
656
6
10
Male
30
3498
4
11
Female
50
2131
0
12
Male
46
3131
8
13
Female
42
8212
7
14
Male
47
2453
9
15
Female
63
1362
9
16
Male
54
8942
1
17
Female
68
1499
0
18
Male
46
4369
0
19
Female
38
8188
5
20
Male
51
6047
0
21
Female
31
651
9
22
Male
63
8256
4
23
Female
51
664
2
24
Male
32
4560
7
25
Female
44
8481
7
26
Male
43
8619
3
27
Female
54
4664
0
28
Male
46
98
8
29
Female
21
7045
1
30
Male
67
8423
1
31
Female
25
2533
5
32
Male
41
6875
3
33
Female
25
4831
1
34
Male
30
363
9
35
Female
57
4140
2
36
Male
47
6958
1
37
Female
50
4483
4
38
Male
46
2975
4
39
Female
39
3139
9
40
Male
58
331
7
41
Female
36
4031
1
42
Male
46
9105
9
43
Female
48
7778
4
44
Male
56
4271
4
45
Female
65
6284
8
46
Male
41
8360
4
47
Female
37
1337
6
48
Male
32
3057
6
49
Female
28
2840
0